[244.8    0.   244.8  244.8  242.25 244.8  242.25 244.79 242.26 242.26
 242.25 242.25 244.8  242.25 244.8    1.13 239.7  242.25 239.95 242.25
 242.25  16.36 242.25 239.7  242.25 242.25 242.25 239.7  239.7  237.15
 224.35 247.35 247.35 247.35 239.7  242.25 239.7  237.15 239.7  239.7
 244.8   22.14 242.25 242.25   0.   242.25 242.25 244.8  244.8  247.35
 247.35 247.35 247.35 242.25 241.71 244.8  242.25 244.8    0.   244.8
 244.8  222.16 236.81 236.96 221.1  234.21 234.24 234.06 236.76 236.76
 234.16 234.2  236.75 234.25 234.25 236.83 234.61 234.6  225.26 224.4
 219.3  219.33 234.6  234.6   21.69 229.5  211.65   0.   234.6  229.5
 224.4  224.4  221.85 224.49 234.6  239.7  239.7  234.6  234.6  234.6
 234.6    0.   232.05 221.85  24.21 219.3  234.6  222.12 237.12 234.57
 231.   237.08 239.66 239.61 239.64 239.65 217.59 232.11 234.5  234.56
 237.11 224.16 224.41 221.85 225.76 237.15 234.6  184.09 232.06 229.51
   0.   234.6  237.15 232.05 214.42 234.6  234.6  234.6  234.6  224.42
 224.41 216.75 234.6  232.05   0.   216.8  237.15  21.68 239.7  239.7
 234.61 232.05 234.6  234.6  237.15 226.95 201.46 234.34 236.87 219.04
 229.22 231.71 234.32 224.11 224.21 221.65 236.92 198.59 234.35 239.37
 219.62 234.6  234.6    0.27 239.7  239.7  163.2  247.   247.35 247.35
 247.35 242.25 239.7  242.25 239.7  242.25 244.8    0.   239.7  242.25
 181.74 242.25 242.25 242.25 239.7  242.25 242.26 244.79 244.8  242.25]